7.53
7.54
7.54
7.53
7.5
7.53
7.49
7.54
7.53
7.54
7.53
7.51
7.54
7.53
7.54
7.53
7.57
7.54
7.53
7.52
7.53
7.54
7.54
7.55
7.58
7.54
7.53
7.56
7.63
7.65
7.68
7.68
7.74
7.78
7.83
7.82
7.81
7.86
7.91
7.89
7.93
7.93
7.94
7.96
7.98
7.99
8.03
8.09
8.09
8.09
8.13
8.31
8.23
8.29
8.35
8.48
8.44
8.57
8.61
8.64
8.59
8.79
8.65
8.76
8.79
8.9
8.74
8.76
8.96
8.89
8.82
9.02
8.86
9.05
9.07
9.08
8.92
8.93
9.04
9.05
9.15
8.98
9
9.1
9.2
9.21
9.04
9.05
9.06
9.26
9.27
9.28
9.28
9.11
9.12
9.13
9.23
9.15
9.15
9.35
9.36
9.18
9.37
9.29
9.2
9.39
9.4
9.22
9.23
9.24
9.34
9.44
9.44
9.26
9.46
9.46
9.38
9.48
9.39
9.39
9.31
9.31
9.41
9.51
9.33
9.43
9.34
9.44
9.54
9.45
9.45
9.46
9.37
9.47
9.38
9.48
9.39
9.49
9.59
9.4
9.6
9.6
9.42
9.42
9.43
9.62
9.63
9.53
9.54
9.45
9.45
9.55
9.56
9.46
9.47
9.66
9.67
9.58
9.48
9.58
9.49
9.49
9.5
9.6
9.51
9.61
9.61
9.52
9.52
9.52
9.53
9.63
9.63
9.54
9.64
9.54
9.64
9.55
9.65
9.65
9.75
9.76
9.57
9.76
9.57
9.67
9.68
9.78
9.78
9.78
9.69
9.69
9.79
9.7
9.8
9.7
9.61
9.61
9.61
9.62
9.81
9.82
9.63
9.63
9.83
9.73
9.83
9.83
9.84
9.84
9.84
9.65
9.85
9.75
9.85
9.66
9.76
9.86
9.86
9.67
9.87
9.87
9.87
9.68
9.68
9.78
9.88
9.89
9.79
9.69
9.89
9.7
9.9
9.8
9.71
9.9
9.81
9.71
9.72
9.82
9.92
9.72
9.72
9.82
9.92
9.83
9.73
9.83
9.93
9.74
9.94
9.84
9.94
9.85
9.75
9.75
9.95
9.76
9.76
9.96
9.96
9.86
9.96
9.77
9.77
9.77
9.87
9.78
9.88
9.88
9.78
9.98
9.88
9.98
9.99
9.99
9.89
9.99
9.8
10
9.8
9.8
9.8
9.81
9.91
9.81
9.91
9.91
9.91
9.82
10
10
9.92
9.82
9.92
9.93
9.83
10
9.93
10
9.93
9.94
9.94
9.84
9.84
10
9.85
9.95
9.85
9.85
9.85
9.85
9.86
9.86
10
10
9.86
9.96
10
9.87
9.97
9.87
9.87
9.87
9.87
10.08
9.98
9.88
9.88
9.98
9.88
9.88
9.99
10.1
9.99
9.99
10.1
10.1
10
10
10
10
10
10
9.9
10.1
9.91
9.91
10
9.91
9.91
10
9.92
10.1
10.1
9.92
10
9.92
9.92
10
10
9.93
10.03
9.93
9.93
10
10.1
10.1
10
9.94
10
9.96